modelo: poly2
coeficientes: [0.0005795907572741485, -1.5886647946643613, 1115.898404189701]
RMSE: 146.943
R2: 0.463
