modelo: poly2
coeficientes: [-5.863252309667999e-06, 0.10473245312907586, 132.34748595566055]
RMSE: 153.624
R2: 0.025
