modelo: poly2
coeficientes: [2.7527079985434355e-05, -0.0630377115117482, 138.92079124795632]
RMSE: 45.735
R2: 0.029
