RMSE: 0.831
R2: 0.640
Coeficientes:
- intercept: -2.998252
- PT08.S1(CO): 0.001697
- PT08.S2(NMHC): 0.003382
- PT08.S3(NOx): 0.000722
- PT08.S4(NO2): -0.000789
- PT08.S5(O3): 0.000577
